56
51
59
58
55
60
56
62
62
65
73
61
63
65
68
64
49
50
52
33
38
46
43
57
48
47
58
59
53
60
50
54
67
74
65
67
64
45
46
54
54
68
63
63
46
55
59
66
59
54
49
45
56
55
50
64
52
48
48
54
66
55
73
62
56
54
56
65
67
63
72
72
69
62
61
57
70
69
79
71
63
65
60
63
71
79
87
83
80
72
61
57
69
78
79
82
84
78
84
74
62
73
70
65
65
62
67
76
67
66
75
76
71
64
72
75
59
73
80
71
67
78
84
87
83
78
67
71
59
65
72
67
66
77
81
82
85
84
82
75
68
76
77
84
89
86
82
76
85
86
86
82
85
88
92
89
90
92
95
88
88
92
86
87
88
88
82
79
77
85
88
92
90
89
88
84
86
82
85
90
93
87
84
92
95
93
94
91
92
90
93
95
92
85
93
95
96
96
96
98
96
97
96
93
96
94
95
97
93
91
93
91
95
93
89
91
89
90
92
93
97
96
88
95
97
93
87
91
93
91
93
86
89
78
87
89
89
84
92
91
86
91
93
89
91
92
93
93
87
89
89
90
90
93
94
89
91
88
82
82
87
82
76
79
78
75
75
66
75
81
84
85
67
77
78
71
73
76
77
79
84
83
76
70
78
82
77
81
81
67
68
73
77
82
83
83
82
72
75
79
74
76
81
59
67
71
57
66
72
69
75
75
80
82
76
76
69
72
71
68
64
61
58
63
70
72
70
57
62
62
71
66
64
55
51
41
51
58
51
58
60
51
47
62
67
67
62
61
52
53
47
42
47
52
52
58
60
61
55
30
46
58
58
53
56
60